232 232 232 232 232 232 232 232 232 232 232 232 232 232 232 232
232 232 232 232 232 232 232 232 232 232 232 232 232 232 232 232
232 232 232  90  43  43 149 232 232 161  43  43  78 232 232 232
232 232  90  14   0   0  32 145 155  36   0   0  10  79 232 232
232  92  13   0   0   0   0  36  40   0   0   0   0   9  82 232
 87  10   0   0   0   0   0   0   0   0   0   0   0   0   5  87
  0   0   0   0   0  81  57   0   0   0   0   0   0   0   0   0
  0   0   0   0  79 116 116  58   0   0  36 116  94   0   0   0
101 101 101 101 121  48  73 116  57  38 110 130 106   0   6 101
232 232 161 145  45   0   0  72 119 108  99   0   0  10  96 232
232 232 102  18   0   0   0   0  69  99   0   0  13  92 232 232
232 232 232 101  18   0   0   0   0   0   0  14  90 232 232 232
232 232 232 232 102  16   0   0   0   0  13  90 232 232 232 232
232 232 232 232 232 105  12   0   0  10  92 232 232 232 232 232
232 232 232 232 232 232 109   7   6  96 232 232 232 232 232 232
232 232 232 232 232 232 232 116 101 232 232 232 232 232 232 232
232 232 232 232 232 232 232 232 232 232 232 232 232 232 232 232
232 232 232 232 232 232 232 232 232 232 232 232 232 232 232 232
232 232 232  90  43  43 149 232 232 161  43  43  78 232 232 232
232 232  90  14   0   0  32 145 155  36   0   0  10  79 232 232
232  92  13   0   0   0   0  36  40   0   0   0   0   9  82 232
 87  10   0   0   0   0   0   0   0   0   0   0   0   0   5  87
  0   0   0   0   0  81  57   0   0   0   0   0   0   0   0   0
  0   0   0   0  79 116 116  58   0   0  36 116  94   0   0   0
101 101 101 101 121  48  73 116  57  38 110 130 106   0   6 101
232 232 161 145  45   0   0  72 119 108  99   0   0  10  96 232
232 232 102  18   0   0   0   0  69  99   0   0  13  92 232 232
232 232 232 101  18   0   0   0   0   0   0  14  90 232 232 232
232 232 232 232 102  16   0   0   0   0  13  90 232 232 232 232
232 232 232 232 232 105  12   0   0  10  92 232 232 232 232 232
232 232 232 232 232 232 109   7   6  96 232 232 232 232 232 232
232 232 232 232 232 232 232 116 101 232 232 232 232 232 232 232
232 232 232 232 232 232 232 232 232 232 232 232 232 232 232 232
232 232 232 232 232 232 232 232 232 232 232 232 232 232 232 232
232 232 232  90  43  43 149 232 232 161  43  43  78 232 232 232
232 232  90  14   0   0  32 145 155  36   0   0  10  79 232 232
232  92  13   0   0   0   0  36  40   0   0   0   0   9  82 232
 87  10   0   0   0   0   0   0   0   0   0   0   0   0   5  87
  0   0   0   0   0  81  57   0   0   0   0   0   0   0   0   0
  0   0   0   0  79 116 116  58   0   0  36 116  94   0   0   0
101 101 101 101 121  48  73 116  57  38 110 130 106   0   6 101
232 232 161 145  45   0   0  72 119 108  99   0   0  10  96 232
232 232 102  18   0   0   0   0  69  99   0   0  13  92 232 232
232 232 232 101  18   0   0   0   0   0   0  14  90 232 232 232
232 232 232 232 102  16   0   0   0   0  13  90 232 232 232 232
232 232 232 232 232 105  12   0   0  10  92 232 232 232 232 232
232 232 232 232 232 232 109   7   6  96 232 232 232 232 232 232
232 232 232 232 232 232 232 116 101 232 232 232 232 232 232 232

232 232 232 232 232  79   0   0 110 232 232 232 232 232 232 232
232 232 232 232  82   7   0   0  12 108 232 232 232 232 232 232
232 232 232  80  10   0   0   0   0  16 104 232 232 232 232 232
232 232  80  11   0   0   0  96  96   0  19 102 232 232 232 232
232 232  35   0   0   0   0 124 122   0   0  20 102 232 232 232
232 232  35   0   0   0   0  44 112  90   0   0  19 104 232 232
232 232 151  30   0   0   0   0  45 111  90   0   0  16 108 232
232 232 232 146  34   0   0   0  57 118  71   0   0   0  12 110
232 232 232 148  34   0   0  57 116  73   0   0   0   0  10 108
232 232 153  30   0   0  55 118  73   0   0   0   0  15 108 232
232 232  35   0   0   0  92 112  42   0   0   0  17 104 232 232
232 232  35   0   0   0   0  90 118  38   0  18 102 232 232 232
232 232  78  11   0   0   0   0 110 137  17 102 232 232 232 232
232 232 232  78  10   0   0   0 110 151 104 232 232 232 232 232
232 232 232 232  80   7   0   0 110 232 232 232 232 232 232 232
232 232 232 232 232  79   0   0 110 232 232 232 232 232 232 232
232 232 232 232 232  79   0   0 110 232 232 232 232 232 232 232
232 232 232 232  82   7   0   0  12 108 232 232 232 232 232 232
232 232 232  80  10   0   0   0   0  16 104 232 232 232 232 232
232 232  80  11   0   0   0  96  96   0  19 102 232 232 232 232
232 232  35   0   0   0   0 124 122   0   0  20 102 232 232 232
232 232  35   0   0   0   0  44 112  90   0   0  19 104 232 232
232 232 151  30   0   0   0   0  45 111  90   0   0  16 108 232
232 232 232 146  34   0   0   0  57 118  71   0   0   0  12 110
232 232 232 148  34   0   0  57 116  73   0   0   0   0  10 108
232 232 153  30   0   0  55 118  73   0   0   0   0  15 108 232
232 232  35   0   0   0  92 112  42   0   0   0  17 104 232 232
232 232  35   0   0   0   0  90 118  38   0  18 102 232 232 232
232 232  78  11   0   0   0   0 110 137  17 102 232 232 232 232
232 232 232  78  10   0   0   0 110 151 104 232 232 232 232 232
232 232 232 232  80   7   0   0 110 232 232 232 232 232 232 232
232 232 232 232 232  79   0   0 110 232 232 232 232 232 232 232
232 232 232 232 232  79   0   0 110 232 232 232 232 232 232 232
232 232 232 232  82   7   0   0  12 108 232 232 232 232 232 232
232 232 232  80  10   0   0   0   0  16 104 232 232 232 232 232
232 232  80  11   0   0   0  96  96   0  19 102 232 232 232 232
232 232  35   0   0   0   0 124 122   0   0  20 102 232 232 232
232 232  35   0   0   0   0  44 112  90   0   0  19 104 232 232
232 232 151  30   0   0   0   0  45 111  90   0   0  16 108 232
232 232 232 146  34   0   0   0  57 118  71   0   0   0  12 110
232 232 232 148  34   0   0  57 116  73   0   0   0   0  10 108
232 232 153  30   0   0  55 118  73   0   0   0   0  15 108 232
232 232  35   0   0   0  92 112  42   0   0   0  17 104 232 232
232 232  35   0   0   0   0  90 118  38   0  18 102 232 232 232
232 232  78  11   0   0   0   0 110 137  17 102 232 232 232 232
232 232 232  78  10   0   0   0 110 151 104 232 232 232 232 232
232 232 232 232  80   7   0   0 110 232 232 232 232 232 232 232
232 232 232 232 232  79   0   0 110 232 232 232 232 232 232 232

232 232 232 232 232 232 232 110 108 232 232 232 232 232 232 232
232 232 232 232 232 232 108  12  10 108 232 232 232 232 232 232
232 232 232 232 232 104  16   0   0  15 104 232 232 232 232 232
232 232 232 232 102  19   0   0   0   0  17 102 232 232 232 232
232 232 232 102  20   0   0   0   0   0   0  18 102 232 232 232
232 232 104  19   0   0  90  71   0   0   0   0  17 104 232 232
232 108  16   0   0  90 111 118  73   0   0  38 137 151 232 232
110  12   0  96 122 112  45  57 116  73  42 118 110 110 110 110
  0   0   0  96 124  44   0   0  57 118 112  90   0   0   0   0
  0   0   0   0   0   0   0   0   0  55  92   0   0   0   0   0
 79   7   0   0   0   0   0   0   0   0   0   0   0   0   7  79
232  82  10   0   0   0   0  34  34   0   0   0   0  10  80 232
232 232  80  11   0   0  30 146 148  30   0   0  11  78 232 232
232 232 232  80  35  35 151 232 232 153  35  35  78 232 232 232
232 232 232 232 232 232 232 232 232 232 232 232 232 232 232 232
232 232 232 232 232 232 232 232 232 232 232 232 232 232 232 232
232 232 232 232 232 232 232 110 108 232 232 232 232 232 232 232
232 232 232 232 232 232 108  12  10 108 232 232 232 232 232 232
232 232 232 232 232 104  16   0   0  15 104 232 232 232 232 232
232 232 232 232 102  19   0   0   0   0  17 102 232 232 232 232
232 232 232 102  20   0   0   0   0   0   0  18 102 232 232 232
232 232 104  19   0   0  90  71   0   0   0   0  17 104 232 232
232 108  16   0   0  90 111 118  73   0   0  38 137 151 232 232
110  12   0  96 122 112  45  57 116  73  42 118 110 110 110 110
  0   0   0  96 124  44   0   0  57 118 112  90   0   0   0   0
  0   0   0   0   0   0   0   0   0  55  92   0   0   0   0   0
 79   7   0   0   0   0   0   0   0   0   0   0   0   0   7  79
232  82  10   0   0   0   0  34  34   0   0   0   0  10  80 232
232 232  80  11   0   0  30 146 148  30   0   0  11  78 232 232
232 232 232  80  35  35 151 232 232 153  35  35  78 232 232 232
232 232 232 232 232 232 232 232 232 232 232 232 232 232 232 232
232 232 232 232 232 232 232 232 232 232 232 232 232 232 232 232
232 232 232 232 232 232 232 110 108 232 232 232 232 232 232 232
232 232 232 232 232 232 108  12  10 108 232 232 232 232 232 232
232 232 232 232 232 104  16   0   0  15 104 232 232 232 232 232
232 232 232 232 102  19   0   0   0   0  17 102 232 232 232 232
232 232 232 102  20   0   0   0   0   0   0  18 102 232 232 232
232 232 104  19   0   0  90  71   0   0   0   0  17 104 232 232
232 108  16   0   0  90 111 118  73   0   0  38 137 151 232 232
110  12   0  96 122 112  45  57 116  73  42 118 110 110 110 110
  0   0   0  96 124  44   0   0  57 118 112  90   0   0   0   0
  0   0   0   0   0   0   0   0   0  55  92   0   0   0   0   0
 79   7   0   0   0   0   0   0   0   0   0   0   0   0   7  79
232  82  10   0   0   0   0  34  34   0   0   0   0  10  80 232
232 232  80  11   0   0  30 146 148  30   0   0  11  78 232 232
232 232 232  80  35  35 151 232 232 153  35  35  78 232 232 232
232 232 232 232 232 232 232 232 232 232 232 232 232 232 232 232
232 232 232 232 232 232 232 232 232 232 232 232 232 232 232 232

232 232 232 232 232 232 232 110   0   0  79 232 232 232 232 232
232 232 232 232 232 232 232 110   0   0   7  80 232 232 232 232
232 232 232 232 232 104 151 110   0   0   0  10  78 232 232 232
232 232 232 232 102  17 137 110   0   0   0   0  11  78 232 232
232 232 232 102  18   0  38 118  90   0   0   0   0  35 232 232
232 232 104  17   0   0   0  42 112  92   0   0   0  35 232 232
232 108  15   0   0   0   0  73 118  55   0   0  30 153 232 232
108  10   0   0   0   0  73 116  57   0   0  34 148 232 232 232
110  12   0   0   0  71 118  57   0   0   0  34 146 232 232 232
232 108  16   0   0  90 111  45   0   0   0   0  30 151 232 232
232 232 104  19   0   0  90 112  44   0   0   0   0  35 232 232
232 232 232 102  20   0   0 122 124   0   0   0   0  35 232 232
232 232 232 232 102  19   0  96  96   0   0   0  11  80 232 232
232 232 232 232 232 104  16   0   0   0   0  10  80 232 232 232
232 232 232 232 232 232 108  12   0   0   7  82 232 232 232 232
232 232 232 232 232 232 232 110   0   0  79 232 232 232 232 232
232 232 232 232 232 232 232 110   0   0  79 232 232 232 232 232
232 232 232 232 232 232 232 110   0   0   7  80 232 232 232 232
232 232 232 232 232 104 151 110   0   0   0  10  78 232 232 232
232 232 232 232 102  17 137 110   0   0   0   0  11  78 232 232
232 232 232 102  18   0  38 118  90   0   0   0   0  35 232 232
232 232 104  17   0   0   0  42 112  92   0   0   0  35 232 232
232 108  15   0   0   0   0  73 118  55   0   0  30 153 232 232
108  10   0   0   0   0  73 116  57   0   0  34 148 232 232 232
110  12   0   0   0  71 118  57   0   0   0  34 146 232 232 232
232 108  16   0   0  90 111  45   0   0   0   0  30 151 232 232
232 232 104  19   0   0  90 112  44   0   0   0   0  35 232 232
232 232 232 102  20   0   0 122 124   0   0   0   0  35 232 232
232 232 232 232 102  19   0  96  96   0   0   0  11  80 232 232
232 232 232 232 232 104  16   0   0   0   0  10  80 232 232 232
232 232 232 232 232 232 108  12   0   0   7  82 232 232 232 232
232 232 232 232 232 232 232 110   0   0  79 232 232 232 232 232
232 232 232 232 232 232 232 110   0   0  79 232 232 232 232 232
232 232 232 232 232 232 232 110   0   0   7  80 232 232 232 232
232 232 232 232 232 104 151 110   0   0   0  10  78 232 232 232
232 232 232 232 102  17 137 110   0   0   0   0  11  78 232 232
232 232 232 102  18   0  38 118  90   0   0   0   0  35 232 232
232 232 104  17   0   0   0  42 112  92   0   0   0  35 232 232
232 108  15   0   0   0   0  73 118  55   0   0  30 153 232 232
108  10   0   0   0   0  73 116  57   0   0  34 148 232 232 232
110  12   0   0   0  71 118  57   0   0   0  34 146 232 232 232
232 108  16   0   0  90 111  45   0   0   0   0  30 151 232 232
232 232 104  19   0   0  90 112  44   0   0   0   0  35 232 232
232 232 232 102  20   0   0 122 124   0   0   0   0  35 232 232
232 232 232 232 102  19   0  96  96   0   0   0  11  80 232 232
232 232 232 232 232 104  16   0   0   0   0  10  80 232 232 232
232 232 232 232 232 232 108  12   0   0   7  82 232 232 232 232
232 232 232 232 232 232 232 110   0   0  79 232 232 232 232 232
